Points:[[119.14682728265042, 161.57546446937164, 6.0]]
Rings:[[14.715748828181361, 2]]
Arcs:[[10.058664760410906, [194.0, 204.0], 0.5], [9.9261030326714508, [225.0, 235.0], 2.0], [11.805019753343789, [250.0, 260.0], 12.0]]
Polygons:[[[83.68137691616766, 178.9931646706587], [85.29271823353292, 178.9931646706587], [85.29271823353292, 178.9931646706587], [85.29271823353292, 0.13427844311377868], [85.29271823353292, 0.13427844311377868], [83.14426314371258, 0.13427844311377868], [83.14426314371258, 0.13427844311377868], [83.14426314371258, 0.13427844311377868], [83.14426314371258, 0.13427844311377868], [83.68137691616766, 178.9931646706587]], [[0.42874218562877786, 146.7663383233533], [0.42874218562877786, 146.7663383233533], [0.42874218562877786, 143.00654191616766], [0.42874218562877786, 143.00654191616766], [168.27679607784427, 143.27509880239523], [168.27679607784427, 143.27509880239523], [168.27679607784427, 146.7663383233533], [168.27679607784427, 146.7663383233533], [0.42874218562877786, 146.7663383233533]], [[0.42874218562877786, 109.97404491017966], [0.42874218562877786, 109.97404491017966], [0.42874218562877786, 106.48280538922157], [0.42874218562877786, 106.48280538922157], [168.5453529640718, 106.48280538922157], [168.5453529640718, 106.48280538922157], [168.5453529640718, 110.2426017964072], [168.5453529640718, 110.2426017964072], [0.42874218562877786, 109.97404491017966]], [[0.42874218562877786, 73.18175149700599], [0.42874218562877786, 73.18175149700599], [0.42874218562877786, 69.69051197604792], [0.42874218562877786, 69.69051197604792], [168.5453529640718, 69.69051197604792], [168.5453529640718, 69.69051197604792], [168.5453529640718, 73.71886526946109], [168.5453529640718, 73.71886526946109], [0.42874218562877786, 73.18175149700599]], [[0.16018529940123472, 37.19512874251498], [0.16018529940123472, 37.19512874251498], [0.16018529940123472, 33.166775449101806], [0.16018529940123472, 33.166775449101806], [168.5453529640718, 33.166775449101806], [168.5453529640718, 33.166775449101806], [168.5453529640718, 37.73224251497007], [168.5453529640718, 37.73224251497007], [0.16018529940123472, 37.19512874251498]], [[168.5453529640718, 160.4627395209581], [168.5453529640718, 160.4627395209581], [85.02416134730538, 96.81475748502996], [85.02416134730538, 96.81475748502996], [79.92158050898203, 96.81475748502996], [79.92158050898203, 96.81475748502996], [76.1617841017964, 94.1291886227545], [76.1617841017964, 94.1291886227545], [75.08755655688623, 90.36939221556887], [75.08755655688623, 90.36939221556887], [74.81899967065868, 88.48949401197606], [74.81899967065868, 88.48949401197606], [72.13343080838325, 86.3410389221557], [72.13343080838325, 86.3410389221557], [73.74477212574851, 83.9240269461078], [73.74477212574851, 83.9240269461078], [74.55044278443114, 83.11835628742516], [74.55044278443114, 83.11835628742516], [77.2360116467066, 85.26681137724552], [77.2360116467066, 85.26681137724552], [82.0700355988024, 84.72969760479043], [82.0700355988024, 84.72969760479043], [86.63550266467067, 86.3410389221557], [86.63550266467067, 86.3410389221557], [88.24684398203593, 90.36939221556887], [88.24684398203593, 90.36939221556887], [87.17261643712575, 93.05496107784433], [87.17261643712575, 93.05496107784433], [168.5453529640718, 155.36015868263473], [168.5453529640718, 155.36015868263473], [168.5453529640718, 160.4627395209581]]]
Frames:[[42.592173323353315, 172.01068562874252], [66.49373619760479, 159.65706886227545], [45.009185299401217, 151.6003622754491], [28.627215239520986, 151.6003622754491], [17.347826017964103, 161.26841017964074], [18.422053562874275, 170.93645808383235], [42.592173323353315, 172.01068562874252]]
Thresholds:[(0, 2876), [0, 2876]]
